model_hidden_5_width_512_act_LRELU.npz
Acc=0.9587  Macro-F1=0.9582

              precision    recall  f1-score   support

           0       0.99      0.97      0.98      1381
           1       0.99      0.99      0.99      1575
           2       0.94      0.97      0.95      1398
           3       0.93      0.96      0.95      1428
           4       0.94      0.98      0.96      1365
           5       0.96      0.93      0.95      1263
           6       0.97      0.97      0.97      1375
           7       0.95      0.96      0.96      1459
           8       0.96      0.92      0.94      1365
           9       0.95      0.93      0.94      1391

    accuracy                           0.96     14000
   macro avg       0.96      0.96      0.96     14000
weighted avg       0.96      0.96      0.96     14000
